1.0
0.0
-2.5
0.375
-0.75
-0.1875
-1.9375
-1.375
-0.8125
-0.25
0.3125
-1.4375
-0.875
-0.3125
0.25
0.8125
-0.9375
-0.375
0.1875
0.75
1.3125
1.875
0.125
0.6875
1.25
1.8125
2.375
0.625
1.1875
1.75
2.3125
-1.0
-2.75
-2.1875
-1.625
-1.0625
-0.5
-2.25
-1.6875
-1.125
-0.5625
0.0
0.5625
-1.1875
-0.625
-0.0625
0.5
1.0625
-0.6875
-0.125
0.4375
1.0
1.5625
-0.1875
0.375
0.9375
1.5
2.0625
2.625
0.875
1.4375
2.0
-1.3125
-0.75
-2.5
-1.9375
-1.375
-0.8125
-0.25
-2.0
-1.4375
-0.875
-0.3125
0.25
-1.5
-0.9375
-0.375
0.1875
0.75
1.3125
-0.4375
0.125
0.6875
1.25
1.8125
0.0625
0.625
1.1875
1.75
2.3125
0.5625
1.125
1.6875
-1.625
-1.0625
-0.5
-2.25
-1.6875
-1.125
-0.5625
0.0
-1.75
-1.1875
-0.625
-0.0625
0.5
-1.25
-0.6875
-0.125
0.4375
1.0
-0.75
-0.1875
0.375
0.9375
1.5
2.0625
0.3125
0.875
1.4375
2.0
2.5625
0.8125
1.375
-1.9375
-1.375
-0.8125
-2.5625
-2.0
-1.4375
-0.875
-0.3125
0.25
-1.5
-0.9375
-0.375
0.1875
0.75
-1.0
-0.4375
0.125
0.6875
1.25
-0.5
0.0625
0.625
1.1875
1.75
0.0
0.5625
1.125
1.6875
2.25
2.8125
1.0625
-2.25
-1.6875
-1.125
-0.5625
-2.3125
-1.75
-1.1875
-0.625
-0.0625
-1.8125
-1.25
-0.6875
-0.125
0.4375
1.0
-0.75
-0.1875
0.375
0.9375
1.5
-0.25
0.3125
0.875
1.4375
2.0
0.25
0.8125
1.375
1.9375
2.5
0.75
-2.5625
-2.0
-1.4375
-0.875
-0.3125
-2.0625
-1.5
-0.9375
-0.375
0.1875
-1.5625
-1.0
-0.4375
0.125
0.6875
-1.0625
-0.5
0.0625
0.625
1.1875
1.75
0.0
0.5625
1.125
1.6875
2.25
0.5
1.0625
1.625
2.1875
2.75
-2.875
-2.3125
-1.75
-1.1875
-0.625
-2.375
-1.8125
-1.25
-0.6875
-0.125
0.4375
-1.3125
-0.75
-0.1875
0.375
0.9375
-0.8125
-0.25
0.3125
0.875
1.4375
-0.3125
0.25
0.8125
1.375
1.9375
2.5
0.75
1.3125
1.875
2.4375
-0.875
-2.625
-2.0625
-1.5
-0.9375
-0.375
-2.125
-1.5625
